 0.00000000e+00  5.67669784e-01 
 2.00000000e-13  5.67669784e-01 
 4.00000000e-13  5.67669784e-01 
 8.00000000e-13  5.67669784e-01 
 1.60000000e-12  5.67669784e-01 
 3.20000000e-12  5.67669784e-01 
 6.40000000e-12  5.67669784e-01 
 1.28000000e-11  5.67669784e-01 
 2.56000000e-11  5.67669784e-01 
 4.56000000e-11  5.67669784e-01 
 6.56000000e-11  5.67669784e-01 
 8.56000000e-11  5.67669784e-01 
 1.05600000e-10  5.67669784e-01 
 1.25600000e-10  5.67669784e-01 
 1.45600000e-10  5.67669784e-01 
 1.65600000e-10  5.67669784e-01 
 1.85600000e-10  5.67669784e-01 
 2.05600000e-10  5.67669784e-01 
 2.25600000e-10  5.67669784e-01 
 2.45600000e-10  5.67669784e-01 
 2.65600000e-10  5.67669784e-01 
 2.85600000e-10  5.67669784e-01 
 3.05600000e-10  5.67669784e-01 
 3.25600000e-10  5.67669784e-01 
 3.45600000e-10  5.67669784e-01 
 3.65600000e-10  5.67669784e-01 
 3.85600000e-10  5.67669785e-01 
 4.05600000e-10  5.67669786e-01 
 4.25600000e-10  5.67669787e-01 
 4.45600000e-10  5.67669789e-01 
 4.65600000e-10  5.67669791e-01 
 4.85600000e-10  5.67669794e-01 
 5.05600000e-10  5.67669798e-01 
 5.25600000e-10  5.67669803e-01 
 5.45600000e-10  5.67669808e-01 
 5.65600000e-10  5.67669812e-01 
 5.85600000e-10  5.67669816e-01 
 6.05600000e-10  5.67669818e-01 
 6.25600000e-10  5.67669815e-01 
 6.45600000e-10  5.67669805e-01 
 6.65600000e-10  5.67669785e-01 
 6.85600000e-10  5.67669751e-01 
 7.05600000e-10  5.67669697e-01 
 7.25600000e-10  5.67669618e-01 
 7.45600000e-10  5.67669507e-01 
 7.65600000e-10  5.67669360e-01 
 7.85600000e-10  5.67669174e-01 
 8.05600000e-10  5.67668949e-01 
 8.25600000e-10  5.67668693e-01 
 8.45600000e-10  5.67668425e-01 
 8.65600000e-10  5.67668176e-01 
 8.85600000e-10  5.67668002e-01 
 9.05600000e-10  5.67667983e-01 
 9.25600000e-10  5.67668235e-01 
 9.45600000e-10  5.67668916e-01 
 9.65600000e-10  5.67670229e-01 
 9.85600000e-10  5.67672423e-01 
 1.00560000e-09  5.67675791e-01 
 1.02560000e-09  5.67680653e-01 
 1.04560000e-09  5.67687322e-01 
 1.06560000e-09  5.67696054e-01 
 1.08560000e-09  5.67706965e-01 
 1.10560000e-09  5.67719907e-01 
 1.12560000e-09  5.67734307e-01 
 1.14560000e-09  5.67748945e-01 
 1.16560000e-09  5.67761676e-01 
 1.18560000e-09  5.67769102e-01 
 1.20560000e-09  5.67766201e-01 
 1.22560000e-09  5.67745938e-01 
 1.24560000e-09  5.67698926e-01 
 1.26560000e-09  5.67613196e-01 
 1.28560000e-09  5.67474225e-01 
 1.30560000e-09  5.67265379e-01 
 1.32560000e-09  5.66969012e-01 
 1.34560000e-09  5.66568524e-01 
 1.36560000e-09  5.66051750e-01 
 1.38560000e-09  5.65416098e-01 
 1.40560000e-09  5.64675890e-01 
 1.42560000e-09  5.63872413e-01 
 1.44560000e-09  5.63086942e-01 
 1.46560000e-09  5.62456857e-01 
 1.48560000e-09  5.62194614e-01 
 1.50560000e-09  5.62608576e-01 
 1.52560000e-09  5.64123735e-01 
 1.54560000e-09  5.67298937e-01 
 1.56560000e-09  5.72835229e-01 
 1.58560000e-09  5.81567368e-01 
 1.60560000e-09  5.94427262e-01 
 1.62560000e-09  6.12364352e-01 
 1.64560000e-09  6.36204228e-01 
 1.66560000e-09  6.66424405e-01 
 1.68560000e-09  7.02827319e-01 
 1.70560000e-09  7.44099133e-01 
 1.72560000e-09  7.87265178e-01 
 1.74560000e-09  8.27092387e-01 
 1.76560000e-09  8.55490619e-01 
 1.78560000e-09  8.60713027e-01 
 1.80560000e-09  8.25932347e-01 
 1.82560000e-09  7.28934260e-01 
 1.84560000e-09  5.47989901e-01 
 1.86560000e-09  2.84136967e-01 
 1.88560000e-09  6.94363068e-02 
 1.90560000e-09  1.08332796e-02 
 1.92560000e-09  1.15315846e-02 
 1.94560000e-09  5.93863384e-03 
 1.96560000e-09  5.62700489e-03 
 1.98560000e-09  3.79166823e-03 
 2.00560000e-09  3.62350122e-03 
 2.02560000e-09  4.22275713e-03 
 2.04560000e-09  5.18639315e-03 
 2.06560000e-09  4.47685724e-03 
 2.08560000e-09  2.58634944e-03 
 2.10560000e-09 -4.38284535e-04 
 2.12560000e-09 -4.40938602e-03 
 2.14560000e-09 -9.65835225e-03 
 2.16560000e-09 -1.45656685e-02 
 2.18560000e-09 -1.97891935e-02 
 2.20560000e-09 -2.55666471e-02 
 2.22560000e-09 -1.62620688e-02 
 2.24560000e-09  5.47617327e-02 
 2.26560000e-09  2.95246860e-01 
 2.28560000e-09  7.12232674e-01 
 2.30560000e-09  1.06552924e+00 
 2.32560000e-09  1.17808989e+00 
 2.34560000e-09  1.18199550e+00 
 2.36560000e-09  1.18965769e+00 
 2.38560000e-09  1.19293976e+00 
 2.40560000e-09  1.19647129e+00 
 2.42560000e-09  1.19717737e+00 
 2.44560000e-09  1.19668839e+00 
 2.46560000e-09  1.19702443e+00 
 2.48560000e-09  1.19757958e+00 
 2.50560000e-09  1.19838628e+00 
 2.52560000e-09  1.19893648e+00 
 2.54560000e-09  1.19873502e+00 
 2.56560000e-09  1.19819625e+00 
 2.58560000e-09  1.19751953e+00 
 2.60560000e-09  1.19668130e+00 
 2.62560000e-09  1.19587549e+00 
 2.64560000e-09  1.19636176e+00 
 2.66560000e-09  1.19788122e+00 
 2.68560000e-09  1.20302068e+00 
 2.70560000e-09  1.21169377e+00 
 2.72560000e-09  1.21932964e+00 
 2.74560000e-09  1.22433035e+00 
 2.76560000e-09  1.22891318e+00 
 2.78560000e-09  1.23014826e+00 
 2.80560000e-09  1.21734246e+00 
 2.82560000e-09  1.16879338e+00 
 2.84560000e-09  1.01514763e+00 
 2.86560000e-09  6.97506798e-01 
 2.88560000e-09  2.90153949e-01 
 2.90560000e-09  4.21237476e-02 
 2.92560000e-09  7.82229968e-03 
 2.94560000e-09  9.57794294e-03 
 2.96560000e-09  4.68562144e-03 
 2.98560000e-09  3.99741753e-03 
 3.00560000e-09  2.95663630e-03 
 3.02560000e-09  2.79618371e-03 
 3.04560000e-09  2.04328586e-03 
 3.06560000e-09  1.51479177e-03 
 3.08560000e-09  1.01955936e-03 
 3.10560000e-09  4.31814545e-04 
 3.12560000e-09  2.53842475e-04 
 3.14560000e-09  4.12840688e-04 
 3.16560000e-09  1.47663549e-03 
 3.18560000e-09  3.10508567e-03 
 3.20560000e-09  3.80034777e-03 
 3.22560000e-09  2.80698999e-03 
 3.24560000e-09  1.07589697e-03 
 3.26560000e-09 -1.98679657e-03 
 3.28560000e-09 -5.66179128e-03 
 3.30560000e-09 -1.10890923e-02 
 3.32560000e-09 -1.55130314e-02 
 3.34560000e-09 -2.12241275e-02 
 3.36560000e-09 -2.58978223e-02 
 3.38560000e-09 -9.97080933e-03 
 3.40560000e-09  8.51336511e-02 
 3.42560000e-09  3.65082489e-01 
 3.44560000e-09  7.98969423e-01 
 3.46560000e-09  1.10378058e+00 
 3.48560000e-09  1.18122880e+00 
 3.50560000e-09  1.18325950e+00 
 3.52560000e-09  1.19053952e+00 
 3.54560000e-09  1.19364449e+00 
 3.56560000e-09  1.19691222e+00 
 3.58560000e-09  1.19703584e+00 
 3.60560000e-09  1.19673479e+00 
 3.62560000e-09  1.19710325e+00 
 3.64560000e-09  1.19774002e+00 
 3.66560000e-09  1.19851147e+00 
 3.68560000e-09  1.19897612e+00 
 3.70560000e-09  1.19863824e+00 
 3.72560000e-09  1.19809299e+00 
 3.74560000e-09  1.19739088e+00 
 3.76560000e-09  1.19647092e+00 
 3.78560000e-09  1.19589902e+00 
 3.80560000e-09  1.19650944e+00 
 3.82560000e-09  1.19846591e+00 
 3.84560000e-09  1.20444213e+00 
 3.86560000e-09  1.21330172e+00 
 3.88560000e-09  1.22038327e+00 
 3.90560000e-09  1.22515235e+00 
 3.92560000e-09  1.22962298e+00 
 3.94560000e-09  1.22931785e+00 
 3.96560000e-09  1.21209435e+00 
 3.98560000e-09  1.15243744e+00 
 4.00560000e-09  9.68917607e-01 
 4.02560000e-09  6.26245456e-01 
 4.04560000e-09  2.23965903e-01 
 4.06560000e-09  2.31409443e-02 
 4.08560000e-09  1.07809685e-02 
 4.10560000e-09  7.41226248e-03 
 4.12560000e-09  5.09606987e-03 
 4.14560000e-09  3.36895110e-03 
 4.16560000e-09  3.18498231e-03 
 4.18560000e-09  2.51209252e-03 
 4.20560000e-09  2.04453957e-03 
 4.22560000e-09  1.34697379e-03 
 4.24560000e-09  9.71747258e-04 
 4.26560000e-09  3.13526754e-04 
 4.28560000e-09  2.95799165e-04 
 4.30560000e-09  4.85769510e-04 
 4.32560000e-09  1.79416422e-03 
 4.34560000e-09  3.32607291e-03 
 4.36560000e-09  3.74018747e-03 
 4.38560000e-09  2.53020471e-03 
 4.40560000e-09  6.49660622e-04 
 4.42560000e-09 -2.63980347e-03 
 4.44560000e-09 -6.47530561e-03 
 4.46560000e-09 -1.20420458e-02 
 4.48560000e-09 -1.63207745e-02 
 4.50560000e-09 -2.24492415e-02 
 4.52560000e-09 -2.55040084e-02 
 4.54560000e-09 -1.54659993e-03 
 4.56560000e-09  1.21253148e-01 
 4.58560000e-09  4.37368907e-01 
 4.60560000e-09  8.74764951e-01 
 4.62560000e-09  1.13160208e+00 
 4.64560000e-09  1.18194499e+00 
 4.66560000e-09  1.18485277e+00 
 4.68560000e-09  1.19111749e+00 
 4.70560000e-09  1.19434148e+00 
 4.72560000e-09  1.19718400e+00 
 4.74560000e-09  1.19689451e+00 
 4.76560000e-09  1.19678629e+00 
 4.78560000e-09  1.19718411e+00 
 4.80560000e-09  1.19789304e+00 
 4.82560000e-09  1.19862722e+00 
 4.84560000e-09  1.19897225e+00 
 4.86560000e-09  1.19854302e+00 
 4.88560000e-09  1.19797577e+00 
 4.90560000e-09  1.19726641e+00 
 4.92560000e-09  1.19626729e+00 
 4.94560000e-09  1.19596574e+00 
 4.96560000e-09  1.19668581e+00 
 4.98560000e-09  1.19918991e+00 
 5.00560000e-09  1.20593221e+00 
 5.02560000e-09  1.21481053e+00 
 5.04560000e-09  1.22132986e+00 
 5.06560000e-09  1.22597614e+00 
 5.08560000e-09  1.23016858e+00 
 5.10560000e-09  1.22798730e+00 
 5.12560000e-09  1.20569079e+00 
 5.14560000e-09  1.13243913e+00 
 5.16560000e-09  9.18522850e-01 
 5.18560000e-09  5.53996357e-01 
 5.20560000e-09  1.68372567e-01 
 5.22560000e-09  1.13925065e-02 
 5.24560000e-09  1.27839087e-02 
 5.26560000e-09  5.72560819e-03 
 5.28560000e-09  5.33027872e-03 
 5.30560000e-09  2.91240549e-03 
 5.32560000e-09  3.31818881e-03 
 5.34560000e-09  2.28877069e-03 
 5.36560000e-09  2.00258119e-03 
 5.38560000e-09  1.22262545e-03 
 5.40560000e-09  8.88164155e-04 
 5.42560000e-09  2.41250031e-04 
 5.44560000e-09  3.20574132e-04 
 5.46560000e-09  6.16512426e-04 
 5.48560000e-09  2.10120692e-03 
 5.50560000e-09  3.51936673e-03 
 5.52560000e-09  3.61016388e-03 
 5.54560000e-09  2.25387171e-03 
 5.56560000e-09  1.61364847e-04 
 5.58560000e-09 -3.27038776e-03 
 5.60560000e-09 -7.39369015e-03 
 5.62560000e-09 -1.28873007e-02 
 5.64560000e-09 -1.72311524e-02 
 5.66560000e-09 -2.35972769e-02 
 5.68560000e-09 -2.43717638e-02 
 5.70560000e-09  9.51634273e-03 
 5.72560000e-09  1.63530692e-01 
 5.74560000e-09  5.13482244e-01 
 5.76560000e-09  9.41853768e-01 
 5.78560000e-09  1.15254488e+00 
 5.80560000e-09  1.18167721e+00 
 5.82560000e-09  1.18644401e+00 
 5.84560000e-09  1.19161904e+00 
 5.86560000e-09  1.19501877e+00 
 5.88560000e-09  1.19732912e+00 
 5.90560000e-09  1.19678353e+00 
 5.92560000e-09  1.19684870e+00 
 5.94560000e-09  1.19727697e+00 
 5.96560000e-09  1.19804162e+00 
 5.98560000e-09  1.19873677e+00 
 6.00560000e-09  1.19893303e+00 
 6.02560000e-09  1.19845048e+00 
 6.04560000e-09  1.19784853e+00 
 6.06560000e-09  1.19713591e+00 
 6.08560000e-09  1.19608819e+00 
 6.10560000e-09  1.19606136e+00 
 6.12560000e-09  1.19691373e+00 
 6.14560000e-09  1.20006879e+00 
 6.16560000e-09  1.20749809e+00 
 6.18560000e-09  1.21622239e+00 
 6.20560000e-09  1.22220857e+00 
 6.22560000e-09  1.22681446e+00 
 6.24560000e-09  1.23051401e+00 
 6.26560000e-09  1.22603566e+00 
 6.28560000e-09  1.19783756e+00 
 6.30560000e-09  1.10737353e+00 
 6.32560000e-09  8.62865603e-01 
 6.34560000e-09  4.79866121e-01 
 6.36560000e-09  1.22660466e-01 
 6.38560000e-09  5.70507790e-03 
 6.40560000e-09  1.33503010e-02 
 6.42560000e-09  4.71333196e-03 
 6.44560000e-09  5.27010645e-03 
 6.46560000e-09  2.68597934e-03 
 6.48560000e-09  3.31451282e-03 
 6.50560000e-09  2.14477654e-03 
 6.52560000e-09  1.90742964e-03 
 6.54560000e-09  1.14114583e-03 
 6.56560000e-09  7.71593562e-04 
 6.58560000e-09  2.12392982e-04 
 6.60560000e-09  3.33160433e-04 
 6.62560000e-09  8.05710117e-04 
 6.64560000e-09  2.39720695e-03 
 6.66560000e-09  3.67688216e-03 
 6.68560000e-09  3.42158758e-03 
 6.70560000e-09  1.96657971e-03 
 6.72560000e-09 -3.91734697e-04 
 6.74560000e-09 -3.89868296e-03 
 6.76560000e-09 -8.40860573e-03 
 6.78560000e-09 -1.36429808e-02 
 6.80560000e-09 -1.82541742e-02 
 6.82560000e-09 -2.46120700e-02 
 6.84560000e-09 -2.22311455e-02 
 6.86560000e-09  2.40775071e-02 
 6.88560000e-09  2.11814500e-01 
 6.90560000e-09  5.92526244e-01 
 6.92560000e-09  9.98919815e-01 
 6.94560000e-09  1.16689114e+00 
 6.96560000e-09  1.18137250e+00 
 6.98560000e-09  1.18795258e+00 
 7.00560000e-09  1.19210329e+00 
 7.02560000e-09  1.19566490e+00 
 7.04560000e-09  1.19734547e+00 
 7.06560000e-09  1.19671778e+00 
 7.08560000e-09  1.19691633e+00 
 7.10560000e-09  1.19738753e+00 
 7.12560000e-09  1.19818290e+00 
 7.14560000e-09  1.19883629e+00 
 7.16560000e-09  1.19886577e+00 
 7.18560000e-09  1.19835700e+00 
 7.20560000e-09  1.19771494e+00 
 7.22560000e-09  1.19698425e+00 
 7.24560000e-09  1.19595120e+00 
 7.26560000e-09  1.19617646e+00 
 7.28560000e-09  1.19721696e+00 
 7.30560000e-09  1.20111704e+00 
 7.32560000e-09  1.20913865e+00 
 7.34560000e-09  1.21753716e+00 
 7.36560000e-09  1.22305363e+00 
 7.38560000e-09  1.22766663e+00 
 7.40560000e-09  1.23061279e+00 
 7.42560000e-09  1.22331025e+00 
 7.44560000e-09  1.18812825e+00 
 7.46560000e-09  1.07580196e+00 
 7.48560000e-09  8.01104986e-01 
 7.50560000e-09  4.03794797e-01 
 7.52560000e-09  8.51925554e-02 
 7.54560000e-09  4.55253219e-03 
 7.56560000e-09  1.25294139e-02 
 7.58560000e-09  4.35881415e-03 
 7.60560000e-09  4.90810257e-03 
 7.62560000e-09  2.68539522e-03 
 7.64560000e-09  3.17315299e-03 
 7.66560000e-09  2.07486349e-03 
 7.68560000e-09  1.76448189e-03 
 7.70560000e-09  1.09104249e-03 
 7.72560000e-09  6.32598445e-04 
 7.74560000e-09  2.18566549e-04 
 7.76560000e-09  3.46028645e-04 
 7.78560000e-09  1.04762196e-03 
 7.80560000e-09  2.68518069e-03 
 7.82560000e-09  3.78235092e-03 
 7.84560000e-09  3.19012355e-03 
 7.86560000e-09  1.65123333e-03 
 7.88560000e-09 -1.00405266e-03 
 7.90560000e-09 -4.55178056e-03 
 7.92560000e-09 -9.48350771e-03 
 7.94560000e-09 -1.43650475e-02 
 7.96560000e-09 -1.93847877e-02 
 7.98560000e-09 -2.54177880e-02 
 8.00560000e-09 -1.87372063e-02 
 8.02560000e-09  4.34482218e-02 
 8.04560000e-09  2.66950092e-01 
 8.06560000e-09  6.74152402e-01 
 8.08560000e-09  1.04645601e+00 
 8.10560000e-09  1.17559426e+00 
 8.12560000e-09  1.18165884e+00 
 8.14560000e-09  1.18919595e+00 
 8.16560000e-09  1.19265558e+00 
 8.18560000e-09  1.19624234e+00 
 8.20560000e-09  1.19725768e+00 
 8.22560000e-09  1.19669791e+00 
 8.24560000e-09  1.19698642e+00 
 8.26560000e-09  1.19751825e+00 
 8.28560000e-09  1.19831655e+00 
 8.30560000e-09  1.19891688e+00 
 8.32560000e-09  1.19877939e+00 
 8.34560000e-09  1.19825940e+00 
 8.36560000e-09  1.19758106e+00 
 8.38560000e-09  1.19679891e+00 
 8.40560000e-09  1.19587797e+00 
 8.42560000e-09  1.19630220e+00 
 8.44560000e-09  1.19761819e+00 
 8.46560000e-09  1.20233760e+00 
 8.48560000e-09  1.21081814e+00 
 8.50560000e-09  1.21874925e+00 
 8.52560000e-09  1.22389009e+00 
 8.54560000e-09  1.22851024e+00 
 8.56560000e-09  1.23039910e+00 
 8.58560000e-09  1.21965263e+00 
 8.60560000e-09  1.17609277e+00 
 8.62560000e-09  1.03739896e+00 
 8.64560000e-09  7.33852585e-01 
 8.66560000e-09  3.27931680e-01 
 8.68560000e-09  5.49455441e-02 
 8.70560000e-09  6.33090671e-03 
 8.72560000e-09  1.07077028e-02 
 8.74560000e-09  4.50718281e-03 
 8.76560000e-09  4.32507506e-03 
 8.78560000e-09  2.85124918e-03 
 8.80560000e-09  2.92939569e-03 
 8.82560000e-09  2.05678921e-03 
 8.84560000e-09  1.59278739e-03 
 8.86560000e-09  1.05382760e-03 
 8.88560000e-09  4.88477076e-04 
 8.90560000e-09  2.47590665e-04 
 8.92560000e-09  3.74153896e-04 
 8.94560000e-09  1.33113428e-03 
 8.96560000e-09  2.96003651e-03 
 8.98560000e-09  3.82037344e-03 
 9.00560000e-09  2.93381890e-03 
 9.02560000e-09  1.29304864e-03 
 9.04560000e-09 -1.65537532e-03 
 9.06560000e-09 -5.25619555e-03 
 9.08560000e-09 -1.05619104e-02 
 9.10560000e-09 -1.51007235e-02 
 9.12560000e-09 -2.05945269e-02 
 9.14560000e-09 -2.58475255e-02 
 9.16560000e-09 -1.34972407e-02 
 9.18560000e-09  6.90250008e-02 
 9.20560000e-09  3.29580297e-01 
 9.22560000e-09  7.56704039e-01 
 9.24560000e-09  1.08607668e+00 
 9.26560000e-09  1.18012591e+00 
 9.28560000e-09  1.18256690e+00 
 9.30560000e-09  1.19015303e+00 
 9.32560000e-09  1.19328689e+00 
 9.34560000e-09  1.19671896e+00 
 9.36560000e-09  1.19711204e+00 
 9.38560000e-09  1.19671814e+00 
 9.40560000e-09  1.19705929e+00 
 9.42560000e-09  1.19766531e+00 
 9.44560000e-09  1.19844322e+00 
 9.46560000e-09  1.19896822e+00 
 9.48560000e-09  1.19868359e+00 
 9.50560000e-09  1.19815547e+00 
 9.52560000e-09  1.19745130e+00 
 9.54560000e-09  1.19658788e+00 
 9.56560000e-09  1.19587390e+00 
 9.58560000e-09  1.19643775e+00 
 9.60560000e-09  1.19813750e+00 
 9.62560000e-09  1.20369917e+00 
 9.64560000e-09  1.21246744e+00 
 9.66560000e-09  1.21985671e+00 
 9.68560000e-09  1.22471662e+00 
 9.70560000e-09  1.22927852e+00 
 9.72560000e-09  1.22980096e+00 
 9.74560000e-09  1.21496957e+00 
 9.76560000e-09  1.16135029e+00 
 9.78560000e-09  9.93528015e-01 
 9.80560000e-09  6.63502224e-01 
 9.82560000e-09  2.57251386e-01 
 9.84560000e-09  3.20841039e-02 
 9.86560000e-09  9.30426098e-03 
 9.88560000e-09  8.49872707e-03 
 9.90560000e-09  4.89972919e-03 
 9.92560000e-09  3.67348567e-03 
 9.94560000e-09  3.08178365e-03 
 9.96560000e-09  2.64654944e-03 
 9.98560000e-09  2.05658425e-03 
 1.00056000e-08  1.42123871e-03 
 1.00256000e-08  1.00953104e-03 
 1.00456000e-08  3.61440995e-04 
 1.00656000e-08  2.84115816e-04 
 1.00856000e-08  4.32269316e-04 
 1.01056000e-08  1.63744388e-03 
 1.01256000e-08  3.20548051e-03 
 1.01456000e-08  3.78882699e-03 
 1.01656000e-08  2.66668216e-03 
 1.01856000e-08  8.87816171e-04 
 1.02056000e-08 -2.30929746e-03 
 1.02256000e-08 -6.02943047e-03 
 1.02456000e-08 -1.15597849e-02 
 1.02656000e-08 -1.58766315e-02 
 1.02856000e-08 -2.18262948e-02 
 1.03056000e-08 -2.57798929e-02 
 1.03256000e-08 -6.25147638e-03 
 1.03456000e-08  1.01561114e-01 
 1.03656000e-08  3.98987759e-01 
 1.03856000e-08  8.35933292e-01 
 1.04056000e-08  1.11785576e+00 
 1.04256000e-08  1.18173042e+00 
 1.04456000e-08  1.18396090e+00 
 1.04656000e-08  1.19084649e+00 
 1.04856000e-08  1.19396725e+00 
 1.05056000e-08  1.19706388e+00 
 1.05256000e-08  1.19695974e+00 
 1.05456000e-08  1.19676250e+00 
 1.05656000e-08  1.19713557e+00 
 1.05856000e-08  1.19781802e+00 
 1.06056000e-08  1.19856251e+00 
 1.06256000e-08  1.19898367e+00 
 1.06456000e-08  1.19858749e+00 
 1.06656000e-08  1.19804329e+00 
 1.06856000e-08  1.19732653e+00 
 1.07056000e-08  1.19637658e+00 
 1.07256000e-08  1.19592145e+00 
 1.07456000e-08  1.19659254e+00 
 1.07656000e-08  1.19878766e+00 
 1.07856000e-08  1.20515146e+00 
 1.08056000e-08  1.21402846e+00 
 1.08256000e-08  1.22085221e+00 
 1.08456000e-08  1.22553803e+00 
 1.08656000e-08  1.22991212e+00 
 1.08856000e-08  1.22874548e+00 
 1.09056000e-08  1.20920166e+00 
 1.09256000e-08  1.14341520e+00 
 1.09456000e-08  9.45439149e-01 
 1.09656000e-08  5.91921937e-01 
 1.09856000e-08  1.96101976e-01 
 1.10056000e-08  1.66698131e-02 
 1.10256000e-08  1.19002785e-02 
 1.10456000e-08  6.52667401e-03 
 1.10656000e-08  5.24347044e-03 
 1.10856000e-08  3.12037100e-03 
 1.11056000e-08  3.26818981e-03 
 1.11256000e-08  2.39182789e-03 
 1.11456000e-08  2.03523027e-03 
 1.11656000e-08  1.27751108e-03 
 1.11856000e-08  9.40729034e-04 
 1.12056000e-08  2.68787647e-04 
 1.12256000e-08  3.14189121e-04 
 1.12456000e-08  5.36367578e-04 
 1.12656000e-08  1.94673733e-03 
 1.12856000e-08  3.41785984e-03 
 1.13056000e-08  3.69038347e-03 
 1.13256000e-08  2.39457395e-03 
 1.13456000e-08  4.28628282e-04 
 1.13656000e-08 -2.94722876e-03 
 1.13856000e-08 -6.89628471e-03 
 1.14056000e-08 -1.24645785e-02 
 1.14256000e-08 -1.67371711e-02 
 1.14456000e-08 -2.30146049e-02 
 1.14656000e-08 -2.50640882e-02 
 1.14856000e-08  3.36023859e-03 
 1.15056000e-08  1.40716229e-01 
 1.15256000e-08  4.73320506e-01 
 1.15456000e-08  9.08059856e-01 
 1.15656000e-08  1.14256440e+00 
 1.15856000e-08  1.18192705e+00 
 1.16056000e-08  1.18559134e+00 
 1.16256000e-08  1.19137656e+00 
 1.16456000e-08  1.19466105e+00 
 1.16656000e-08  1.19727579e+00 
 1.16856000e-08  1.19683162e+00 
 1.17056000e-08  1.19682023e+00 
 1.17256000e-08  1.19722194e+00 
 1.17456000e-08  1.19796960e+00 
 1.17656000e-08  1.19867580e+00 
 1.17856000e-08  1.19896226e+00 
 1.18056000e-08  1.19849399e+00 
 1.18256000e-08  1.19792088e+00 
 1.18456000e-08  1.19720101e+00 
 1.18656000e-08  1.19618251e+00 
 1.18856000e-08  1.19600367e+00 
 1.19056000e-08  1.19679154e+00 
 1.19256000e-08  1.19958450e+00 
 1.19456000e-08  1.20667538e+00 
 1.19656000e-08  1.21549158e+00 
 1.19856000e-08  1.22176135e+00 
 1.20056000e-08  1.22636842e+00 
 1.20256000e-08  1.23036708e+00 
 1.20456000e-08  1.22713552e+00 
 1.20656000e-08  1.20214940e+00 
 1.20856000e-08  1.12119305e+00 
 1.21056000e-08  8.92675254e-01 
 1.21256000e-08  5.18860606e-01 
 1.21456000e-08  1.45411882e-01 
 1.21656000e-08  8.00890360e-03 
 1.21856000e-08  1.32445322e-02 
 1.22056000e-08  5.15144293e-03 
 1.22256000e-08  5.34458105e-03 
 1.22456000e-08  2.77091901e-03 
 1.22656000e-08  3.33789573e-03 
 1.22856000e-08  2.20655815e-03 
 1.23056000e-08  1.96736325e-03 
 1.23256000e-08  1.17529567e-03 
 1.23456000e-08  8.39669505e-04 
 1.23656000e-08  2.18816570e-04 
 1.23856000e-08  3.31060281e-04 
 1.24056000e-08  6.96316913e-04 
 1.24256000e-08  2.24715712e-03 
 1.24456000e-08  3.59653019e-03 
 1.24656000e-08  3.52984846e-03 
 1.24856000e-08  2.11582160e-03 
 1.25056000e-08 -9.14395061e-05 
 1.25256000e-08 -3.57280226e-03 
 1.25456000e-08 -7.86455791e-03 
 1.25656000e-08 -1.32601458e-02 
 1.25856000e-08 -1.77014341e-02 
 1.26056000e-08 -2.41102846e-02 
 1.26256000e-08 -2.34920734e-02 
 1.26456000e-08  1.59651312e-02 
 1.26656000e-08  1.85830062e-01 
 1.26856000e-08  5.50909059e-01 
 1.27056000e-08  9.70352986e-01 
 1.27256000e-08  1.16013419e+00 
 1.27456000e-08  1.18147905e+00 
 1.27656000e-08  1.18718120e+00 
 1.27856000e-08  1.19185086e+00 
 1.28056000e-08  1.19532839e+00 
 1.28256000e-08  1.19735666e+00 
 1.28456000e-08  1.19674137e+00 
 1.28656000e-08  1.19688502e+00 
 1.28856000e-08  1.19732272e+00 
 1.29056000e-08  1.19811462e+00 
 1.29256000e-08  1.19878141e+00 
 1.29456000e-08  1.19890859e+00 
 1.29656000e-08  1.19840148e+00 
 1.29856000e-08  1.19778953e+00 
 1.30056000e-08  1.19706254e+00 
 1.30256000e-08  1.19602063e+00 
 1.30456000e-08  1.19610990e+00 
 1.30656000e-08  1.19705243e+00 
 1.30856000e-08  1.20054336e+00 
 1.31056000e-08  1.20827886e+00 
 1.31256000e-08  1.21685790e+00 
 1.31456000e-08  1.22262035e+00 
 1.31656000e-08  1.22721517e+00 
 1.31856000e-08  1.23060139e+00 
 1.32056000e-08  1.22483361e+00 
 1.32256000e-08  1.19346152e+00 
 1.32456000e-08  1.09314733e+00 
 1.32656000e-08  8.34114794e-01 
 1.32856000e-08  4.43667785e-01 
 1.33056000e-08  1.03806742e-01 
 1.33256000e-08  4.68005951e-03 
 1.33456000e-08  1.31161019e-02 
 1.33656000e-08  4.46538545e-03 
 1.33856000e-08  5.13449067e-03 
 1.34056000e-08  2.65693752e-03 
 1.34256000e-08  3.26579785e-03 
 1.34456000e-08  2.09994204e-03 
 1.34656000e-08  1.84721053e-03 
 1.34856000e-08  1.11110310e-03 
 1.35056000e-08  7.10101758e-04 
 1.35256000e-08  2.08459165e-04 
 1.35456000e-08  3.41595084e-04 
 1.35656000e-08  9.12444491e-04 
 1.35856000e-08  2.53921753e-03 
 1.36056000e-08  3.73202632e-03 
 1.36256000e-08  3.31797647e-03 
 1.36456000e-08  1.81699577e-03 
 1.36656000e-08 -6.75403760e-04 
 1.36856000e-08 -4.20990773e-03 
 1.37056000e-08 -8.91574734e-03 
 1.37256000e-08 -1.39930516e-02 
 1.37456000e-08 -1.87795260e-02 
 1.37656000e-08 -2.50410471e-02 
 1.37856000e-08 -2.07493032e-02 
 1.38056000e-08  3.26654493e-02 
 1.38256000e-08  2.37324511e-01 
 1.38456000e-08  6.31375120e-01 
 1.38656000e-08  1.02270568e+00 
 1.38856000e-08  1.17161716e+00 
 1.39056000e-08  1.18144231e+00 
 1.39256000e-08  1.18857619e+00 
 1.39456000e-08  1.19236254e+00 
 1.39656000e-08  1.19594663e+00 
 1.39856000e-08  1.19731837e+00 
 1.40056000e-08  1.19669826e+00 
 1.40256000e-08  1.19695438e+00 
 1.40456000e-08  1.19744301e+00 
 1.40656000e-08  1.19825231e+00 
 1.40856000e-08  1.19887332e+00 
 1.41056000e-08  1.19883069e+00 
 1.41256000e-08  1.19830639e+00 
 1.41456000e-08  1.19765495e+00 
 1.41656000e-08  1.19689543e+00 
 1.41856000e-08  1.19591153e+00 
 1.42056000e-08  1.19623067e+00 
 1.42256000e-08  1.19739979e+00 
 1.42456000e-08  1.20167707e+00 
 1.42656000e-08  1.20994693e+00 
 1.42856000e-08  1.21812359e+00 
 1.43056000e-08  1.22346263e+00 
 1.43256000e-08  1.22807287e+00 
 1.43456000e-08  1.23055877e+00 
 1.43656000e-08  1.22167506e+00 
 1.43856000e-08  1.18267706e+00 
 1.44056000e-08  1.05817363e+00 
 1.44256000e-08  7.69415036e-01 
 1.44456000e-08  3.67122510e-01 
 1.44656000e-08  6.97994601e-02 
 1.44856000e-08  5.14040678e-03 
 1.45056000e-08  1.17500248e-02 
 1.45256000e-08  4.37801519e-03 
 1.45456000e-08  4.65099578e-03 
 1.45656000e-08  2.74671144e-03 
 1.45856000e-08  3.06857752e-03 
 1.46056000e-08  2.05863676e-03 
 1.46256000e-08  1.68710259e-03 
 1.46456000e-08  1.06983838e-03 
 1.46656000e-08  5.65845127e-04 
 1.46856000e-08  2.27462391e-04 
 1.47056000e-08  3.59668742e-04 
 1.47256000e-08  1.17639792e-03 
 1.47456000e-08  2.82241378e-03 
 1.47656000e-08  3.80661532e-03 
 1.47856000e-08  3.07212861e-03 
 1.48056000e-08  1.48250433e-03 
 1.48256000e-08 -1.31056445e-03 
 1.48456000e-08 -4.88487530e-03 
 1.48656000e-08 -1.00013140e-02 
 1.48856000e-08 -1.47169595e-02 
 1.49056000e-08 -1.99542588e-02 
 1.49256000e-08 -2.56878398e-02 
 1.49456000e-08 -1.64580757e-02 
 1.49656000e-08  5.48789409e-02 
 1.49856000e-08  2.96097480e-01 
 1.50056000e-08  7.13817361e-01 
 1.50256000e-08  1.06640522e+00 
 1.50456000e-08  1.17821921e+00 
 1.50656000e-08  1.18202235e+00 
 1.50856000e-08  1.18968764e+00 
 1.51056000e-08  1.19295338e+00 
 1.51256000e-08  1.19648192e+00 
 1.51456000e-08  1.19719553e+00 
 1.51656000e-08  1.19669947e+00 
 1.51856000e-08  1.19702535e+00 
 1.52056000e-08  1.19758298e+00 
 1.52256000e-08  1.19838255e+00 
 1.52456000e-08  1.19894137e+00 
 1.52656000e-08  1.19873830e+00 
 1.52856000e-08  1.19820614e+00 
 1.53056000e-08  1.19752239e+00 
 1.53256000e-08  1.19669513e+00 
 1.53456000e-08  1.19587239e+00 
 1.53656000e-08  1.19636160e+00 
 1.53856000e-08  1.19785584e+00 
 1.54056000e-08  1.20297217e+00 
 1.54256000e-08  1.21162204e+00 
 1.54456000e-08  1.21928998e+00 
 1.54656000e-08  1.22429251e+00 
 1.54856000e-08  1.22888635e+00 
 1.55056000e-08  1.23017018e+00 
 1.55256000e-08  1.21753201e+00 
 1.55456000e-08  1.16938739e+00 
 1.55656000e-08  1.01692933e+00 
 1.55856000e-08  7.00352598e-01 
 1.56056000e-08  2.93028822e-01 
 1.56256000e-08  4.30241876e-02 
 1.56456000e-08  7.71849598e-03 
 1.56656000e-08  9.65570484e-03 
 1.56856000e-08  4.68252495e-03 
 1.57056000e-08  4.01258690e-03 
 1.57256000e-08  2.95816221e-03 
 1.57456000e-08  2.79692171e-03 
 1.57656000e-08  2.05442920e-03 
 1.57856000e-08  1.51150995e-03 
 1.58056000e-08  1.03206195e-03 
 1.58256000e-08  4.27451316e-04 
 1.58456000e-08  2.61904600e-04 
 1.58656000e-08  3.99713273e-04 
 1.58856000e-08  1.47330992e-03 
 1.59056000e-08  3.08385454e-03 
 1.59256000e-08  3.81130161e-03 
 1.59456000e-08  2.81001269e-03 
 1.59656000e-08  1.10321945e-03 
 1.59856000e-08 -1.96634154e-03 
 1.60056000e-08 -5.61787509e-03 
 1.60256000e-08 -1.10525779e-02 
 1.60456000e-08 -1.54686606e-02 
 1.60656000e-08 -2.11780590e-02 
 1.60856000e-08 -2.58910490e-02 
 1.61056000e-08 -1.03053357e-02 
 1.61256000e-08  8.36690700e-02 
 1.61456000e-08  3.61943803e-01 
 1.61656000e-08  7.95359954e-01 
 1.61856000e-08  1.10232844e+00 
 1.62056000e-08  1.18115964e+00 
 1.62256000e-08  1.18319547e+00 
 1.62456000e-08  1.19050825e+00 
 1.62656000e-08  1.19361343e+00 
 1.62856000e-08  1.19689685e+00 
 1.63056000e-08  1.19704229e+00 
 1.63256000e-08  1.19673283e+00 
 1.63456000e-08  1.19709944e+00 
 1.63656000e-08  1.19773444e+00 
 1.63856000e-08  1.19850516e+00 
 1.64056000e-08  1.19897610e+00 
 1.64256000e-08  1.19864154e+00 
 1.64456000e-08  1.19809886e+00 
 1.64656000e-08  1.19739517e+00 
 1.64856000e-08  1.19648147e+00 
 1.65056000e-08  1.19589546e+00 
 1.65256000e-08  1.19650427e+00 
 1.65456000e-08  1.19843522e+00 
 1.65656000e-08  1.20438031e+00 
 1.65856000e-08  1.21323075e+00 
 1.66056000e-08  1.22034107e+00 
 1.66256000e-08  1.22511428e+00 
 1.66456000e-08  1.22959613e+00 
 1.66656000e-08  1.22936335e+00 
 1.66856000e-08  1.21234905e+00 
 1.67056000e-08  1.15322604e+00 
 1.67256000e-08  9.71041133e-01 
 1.67456000e-08  6.29400171e-01 
 1.67656000e-08  2.26670639e-01 
 1.67856000e-08  2.38141006e-02 
 1.68056000e-08  1.06680529e-02 
 1.68256000e-08  7.49670649e-03 
 1.68456000e-08  5.08377253e-03 
 1.68656000e-08  3.39033001e-03 
 1.68856000e-08  3.17976656e-03 
 1.69056000e-08  2.52032239e-03 
 1.69256000e-08  2.04847355e-03 
 1.69456000e-08  1.35032762e-03 
 1.69656000e-08  9.77765344e-04 
 1.69856000e-08  3.14634097e-04 
 1.70056000e-08  2.97384828e-04 
 1.70256000e-08  4.78237302e-04 
 1.70456000e-08  1.78362036e-03 
 1.70656000e-08  3.31375626e-03 
 1.70856000e-08  3.74730519e-03 
 1.71056000e-08  2.53951017e-03 
 1.71256000e-08  6.72572070e-04 
 1.71456000e-08 -2.61445718e-03 
 1.71656000e-08 -6.43443744e-03 
 1.71856000e-08 -1.20049291e-02 
 1.72056000e-08 -1.62801672e-02 
 1.72256000e-08 -2.23996365e-02 
 1.72456000e-08 -2.55324198e-02 
 1.72656000e-08 -1.97119772e-03 
 1.72856000e-08  1.19528212e-01 
 1.73056000e-08  4.34090648e-01 
 1.73256000e-08  8.71583986e-01 
 1.73456000e-08  1.13052073e+00 
 1.73656000e-08  1.18194895e+00 
 1.73856000e-08  1.18478332e+00 
 1.74056000e-08  1.19109395e+00 
 1.74256000e-08  1.19431094e+00 
 1.74456000e-08  1.19717507e+00 
 1.74656000e-08  1.19689974e+00 
 1.74856000e-08  1.19678434e+00 
 1.75056000e-08  1.19717970e+00 
 1.75256000e-08  1.19788704e+00 
 1.75456000e-08  1.19862156e+00 
 1.75656000e-08  1.19897390e+00 
 1.75856000e-08  1.19854639e+00 
 1.76056000e-08  1.19798198e+00 
 1.76256000e-08  1.19727105e+00 
 1.76456000e-08  1.19627678e+00 
 1.76656000e-08  1.19596109e+00 
 1.76856000e-08  1.19667830e+00 
 1.77056000e-08  1.19915353e+00 
 1.77256000e-08  1.20586649e+00 
 1.77456000e-08  1.21474479e+00 
 1.77656000e-08  1.22129107e+00 
 1.77856000e-08  1.22593839e+00 
 1.78056000e-08  1.23014966e+00 
 1.78256000e-08  1.22805694e+00 
 1.78456000e-08  1.20600163e+00 
 1.78656000e-08  1.13341373e+00 
 1.78856000e-08  9.20845517e-01 
 1.79056000e-08  5.57210563e-01 
 1.79256000e-08  1.70587995e-01 
 1.79456000e-08  1.17602912e-02 
 1.79656000e-08  1.27287075e-02 
 1.79856000e-08  5.78363924e-03 
 1.80056000e-08  5.32762786e-03 
 1.80256000e-08  2.92619715e-03 
 1.80456000e-08  3.31651489e-03 
 1.80656000e-08  2.29558527e-03 
 1.80856000e-08  2.00686705e-03 
 1.81056000e-08  1.22583164e-03 
 1.81256000e-08  8.93890056e-04 
 1.81456000e-08  2.42163823e-04 
 1.81656000e-08  3.20801940e-04 
 1.81856000e-08  6.08420881e-04 
 1.82056000e-08  2.08973153e-03 
 1.82256000e-08  3.51017093e-03 
 1.82456000e-08  3.61842643e-03 
 1.82656000e-08  2.26478353e-03 
 1.82856000e-08  1.85250697e-04 
 1.83056000e-08 -3.24440931e-03 
 1.83256000e-08 -7.35019926e-03 
 1.83456000e-08 -1.28539731e-02 
 1.83656000e-08 -1.71878230e-02 
 1.83856000e-08 -2.35507396e-02 
 1.84056000e-08 -2.44384524e-02 
 1.84256000e-08  8.96748783e-03 
 1.84456000e-08  1.61565336e-01 
 1.84656000e-08  5.10098034e-01 
 1.84856000e-08  9.39139309e-01 
 1.85056000e-08  1.15178012e+00 
 1.85256000e-08  1.18169802e+00 
 1.85456000e-08  1.18637350e+00 
 1.85656000e-08  1.19159924e+00 
 1.85856000e-08  1.19498890e+00 
 1.86056000e-08  1.19732636e+00 
 1.86256000e-08  1.19678671e+00 
 1.86456000e-08  1.19684667e+00 
 1.86656000e-08  1.19727176e+00 
 1.86856000e-08  1.19803612e+00 
 1.87056000e-08  1.19873131e+00 
 1.87256000e-08  1.19893635e+00 
 1.87456000e-08  1.19845360e+00 
 1.87656000e-08  1.19785503e+00 
 1.87856000e-08  1.19714101e+00 
 1.88056000e-08  1.19609620e+00 
 1.88256000e-08  1.19605573e+00 
 1.88456000e-08  1.19690346e+00 
 1.88656000e-08  1.20002596e+00 
 1.88856000e-08  1.20742948e+00 
 1.89056000e-08  1.21616178e+00 
 1.89256000e-08  1.22217240e+00 
 1.89456000e-08  1.22677639e+00 
 1.89656000e-08  1.23050492e+00 
 1.89856000e-08  1.22613440e+00 
 1.90056000e-08  1.19821594e+00 
 1.90256000e-08  1.10859074e+00 
 1.90456000e-08  8.65414562e-01 
 1.90656000e-08  4.83138293e-01 
 1.90856000e-08  1.24468664e-01 
 1.91056000e-08  5.84611598e-03 
 1.91256000e-08  1.33571761e-02 
 1.91456000e-08  4.74218052e-03 
 1.91656000e-08  5.28012785e-03 
 1.91856000e-08  2.69007029e-03 
 1.92056000e-08  3.31848337e-03 
 1.92256000e-08  2.14858783e-03 
 1.92456000e-08  1.91347594e-03 
 1.92656000e-08  1.14310671e-03 
 1.92856000e-08  7.78061476e-04 
 1.93056000e-08  2.12011109e-04 
 1.93256000e-08  3.33549518e-04 
 1.93456000e-08  7.95470034e-04 
 1.93656000e-08  2.38534381e-03 
 1.93856000e-08  3.67014761e-03 
 1.94056000e-08  3.43161662e-03 
 1.94256000e-08  1.97875074e-03 
 1.94456000e-08 -3.65525636e-04 
 1.94656000e-08 -3.87186089e-03 
 1.94856000e-08 -8.36198635e-03 
 1.95056000e-08 -1.36121052e-02 
 1.95256000e-08 -1.82063467e-02 
 1.95456000e-08 -2.45725152e-02 
 1.95656000e-08 -2.23487350e-02 
 1.95856000e-08  2.33537615e-02 
 1.96056000e-08  2.09580307e-01 
 1.96256000e-08  5.89028312e-01 
 1.96456000e-08  9.96636951e-01 
 1.96656000e-08  1.16638556e+00 
 1.96856000e-08  1.18137664e+00 
 1.97056000e-08  1.18789040e+00 
 1.97256000e-08  1.19208204e+00 
 1.97456000e-08  1.19563697e+00 
 1.97656000e-08  1.19734808e+00 
 1.97856000e-08  1.19671867e+00 
 1.98056000e-08  1.19691421e+00 
 1.98256000e-08  1.19738139e+00 
 1.98456000e-08  1.19817782e+00 
 1.98656000e-08  1.19883136e+00 
 1.98856000e-08  1.19887030e+00 
 1.99056000e-08  1.19836007e+00 
 1.99256000e-08  1.19772154e+00 
 1.99456000e-08  1.19699060e+00 
 1.99656000e-08  1.19595688e+00 
 1.99856000e-08  1.19617022e+00 
 2.00000000e-08  1.19672292e+00 
